OP	TF	TVM	Ansor	Roller-Top1	Roller-Top10	OP	TF	TVM	Ansor	Roller-Top1	Roller-Top10	OP	TF	TVM	Ansor	Roller-Top1	Roller-Top10	OP	TF	TVM	Ansor	Roller-Top1	Roller-Top10	OP	TF	TVM	Ansor	Roller-Top1	Roller-Top10
C0	1.21286006	2.597779769	2.695964938	2.8911	2.747	C28	2.310409117	2.408677738	2.970319385	3.2136	2.5099	D15	1.51459101	0.539734916	0.682937059	1.4488	1.2839	E22	0.764270072	0.8084082	1.8519	0.92669	0.737	C10	7.183917904	8.972099833	9.282696796	8.0251	7.6522
C1	2.419749904	2.841456333	2.817721604	2.7769	2.4792	C29	1.303496718	1.64991718	1.463860045	1.2486	1.2392	D17	0.80820097	0.299647553	0.285783655	1.9384	1.8939	E23	1.475795913	1.6080043	3.57663	1.7858	1.7858	C24	12.07620373	17.73593517	17.04501155	13.472	13.472
C2	2.531890941	3.146109	3.343116878	2.6239	2.6239	C30	2.250391293	4.10967828	3.371513796	2.6082	2.5771	D18	2.598062968	0.646179089	1.094923211	2.3151	2.1209	E24	0.380392971	0.3954515	0.927121	0.46432	0.3693	C32	6.797077322	7.2126535	8.522505775	9.3097	7.275
C3	1.253327417	1.179796965	1.438663323	1.6558	1.4585	C31	2.232994366	2.363400907	2.519772667	2.755	2.4212	D19	0.906424258	0.718109607	0.546363709	0.69749	0.59196	E25	0.190263104	0.1957744	0.464739	0.25698	0.1858	C33	15.50983448	13.56820838	16.16892672	17.6	15.989
C4	1.188363242	3.168998719	3.070977381	3.4792	3.3128	C34	0.432711387	0.376391582	0.377909085	0.36647	0.36647	D21	0.514377799	0.222368021	0.230933009	0.39226	0.33524	E26	0.37061753	0.378556	0.905204	0.5001	0.5001	C39	4.916551971	6.108046765	6.96867121	5.711	5.098
C5	1.155581689	1.45810271	1.439778073	1.2115	1.2115	C35	2.482110786	2.683080763	2.635142981	3.6328	3.1494	D22	0.275660284	0.195610287	0.220256064	0.89345	0.6745	E27	0.516322651	0.5425502	1.25491	0.69316	0.49854	C40	6.622936678	6.804061125	7.665755563	8.5423	7.9822
C6	1.337066293	1.48350201	1.306701663	1.1841	1.1841	C36	3.682391906	3.137659781	3.210450187	3.1422	2.4555	E1	0.066000345	0.0671476	0.159065	0.089029	0.064	P0	0.626018882	0.6025523	1.85406	0.70792	0.61003	C43	4.457764173	4.638825727	5.088321207	5.6323	4.8554
C7	2.147947383	2.712791027	2.792993455	2.3949	2.3405	C37	2.105358195	2.728134162	2.401973199	2.1444	2.1086	E2	0.257277176	0.3034226	0.628603	0.31515	0.25052	P1	0.431248279	0.2410714	0.514165	0.80704	0.2923	D16	6.212464213	3.805878593	3.447473895	4.7675	3.7893
C8	1.95898006	1.732086672	2.079839627	2.5794	2.1215	C38	1.156171417	1.791878561	2.700111948	2.859	2.859	E3	0.129467978	0.1365189	0.315474	0.1585	0.1263	P2	1.227348447	0.7436849	1.81251	0.47301	0.47301	D20	9.470054436	5.415825842	5.037128714	8.3331	4.8182
C9	0.62616868	0.47917456	0.462784473	0.78607	0.4926	C41	0.992956185	1.048120309	0.830017788	1.3824	0.85223	E5	0.76422878	0.8085661	1.85166	0.926659	0.73698	P3	1.123748755	1.0005326	2.77878	1.3429	1.0126	E0	2.295078826	2.5717311	5.54967	3.4285	2.2069
C11	2.86941278	3.62613975	2.807129892	3.8274	3.4194	C42	2.227801228	3.431728033	3.499405344	2.5704	2.3439	E6	0.417266922	0.4272145	1.12279	0.56331	0.40532	P4	0.785290315	0.4705834	0.937234	0.50144	0.50144	E4	3.373291659	3.8575049	8.15847	4.0791	3.2428
C12	0.988089275	1.046354505	0.834584764	1.4071	0.84412	D0	1.391868737	0.543792872	0.560350749	0.86568	0.79688	E7	1.036576152	1.0875212	2.50743	1.2554	0.9954	P5	0.719905899	0.4614797	0.93386	0.48122	0.47964	M3	39.97936702	82.4837925	44.0934	46.597	42.551
C13	3.448447585	3.737918667	3.741324788	5.5957	3.1721	D1	2.15719893	1.149775414	2.282576732	1.7728	1.2353	E8	1.03659904	1.0877409	2.50694	1.2544	0.9952	P6	0.325852046	0.1195103	0.512696	0.86759	0.18727	M4	10.38655615	36.99062625	11.2437	11.036	10.839
C14	2.989216661	3.307592065	3.197194508	2.6244	2.6244	D2	0.466568556	0.248179776	0.241818214	1.1516	1.0812	E9	0.129441938	0.1363653	0.339696	0.15846	0.12637	P7	1.446764255	1.2776933	4.13115	1.2889	1.2796	M5	40.12814379	411.6107005	46.9193	46.733	43.071
C15	1.260003638	1.412583366	1.250131856	1.413	1.375	D3	2.553439307	1.6689092	1.429844643	2.2874	1.67	E10	0.516298022	0.5423713	1.3128	0.69302	0.49839	P8	0.651688924	0.6300039	1.52736	2.4164	0.64484	M6	297.6222923	385.9806518	327.148	409.01	341.79
C16	2.213079143	4.203020292	4.068185074	2.3062	2.3062	D4	2.378463786	0.629590804	0.534607999	1.1859	1.1787	E11	0.257271292	0.2724955	0.628607	0.34742	0.25012	P9	1.533798242	0.972337	1.81705	1.0748	1.0339						
C17	1.293493104	1.353287453	1.540842146	1.3839	1.3137	D5	0.272447662	0.139082064	0.13574585	0.89151	0.23341	E12	1.148577833	1.2303672	2.776	1.5331	1.1044	P10	0.56199477	0.2147042	0.930252	0.35507	0.25063						
C18	1.135461736	1.387828871	1.287394695	1.2629	1.1722	D6	2.761682699	0.464096483	0.537721932	1.1653	1.026	E13	0.105169308	0.1083674	0.256161	0.12879	0.10282	P11	0.594573681	0.214758	0.930198	0.44948	0.27388						
C19	1.164624453	1.347459176	1.33479911	1.1703	1.1703	D7	0.833112252	0.37426905	0.458758066	1.1257	0.76149	E14	1.493801522	1.5716857	3.61337	1.8075	1.437	P12	1.200080538	0.4371437	1.85491	0.78483	0.51716						
C20	1.155501366	1.431991886	1.344152361	1.2394	1.1724	D8	0.27470686	0.224324632	0.224253962	0.44818	0.39049	E15	0.25727721	0.273201	0.628663	0.25474	0.25036	R0	0.307793348	0.3092302	0.305519	0.37617	0.31375						
C21	0.887670159	0.61536165	0.69358018	0.77501	0.76949	D9	1.378240027	0.417921465	0.381156172	1.736	1.3465	E16	0.380359893	0.3953168	0.927096	0.51334	0.36941	R1	0.307754161	0.3091749	0.305512	0.37794	0.31185						
C22	2.152013659	2.905394486	2.769700915	2.3968	2.3535	D10	3.596467662	1.67634615	1.127559407	3.4292	1.7803	E17	0.190271087	0.1961765	0.464751	0.23308	0.18573	R2	0.306771221	0.2996923	0.374915	0.35904	0.35787						
C23	1.558500671	2.570855077	2.468081246	2.6721	2.5793	D11	2.298983386	0.313483624	0.276516607	0.85752	0.79889	E18	0.627781489	0.6799625	1.52545	0.76316	0.60626	R3	0.109086025	0.0692314	0.074167	0.065964	0.06575						
C25	1.241145849	1.656107082	1.421880962	1.1248	1.0621	D12	1.371302195	0.236252212	0.270332497	0.57887	0.51146	E19	0.034333251	0.0345424	0.0808146	0.041014	0.032982	M0	0.308030796	1.394132694	0.305689	0.331	0.3064						
C26	1.486492658	1.756783489	1.511994297	1.417	0.92429	D13	1.023994157	0.437092229	0.451258688	0.78192	0.67604	E20	0.129412498	0.1402563	0.315523	0.1585	0.1262	M1	0.102439468	0.812800307	0.187537	0.45018	0.3248						
C27	0.599121571	0.34884769	0.460335995	0.40263	0.40195	D14	0.459421015	0.307040238	0.333323876	1.5171	1.2492	E21	0.744803948	0.8066536	1.80788	0.90476	0.90476	M2	0.105252187	1.794329	0.100017	0.23587	0.16823						
